5.417782440781593323e-02
1.369194388389587402e-01
2.622470259666442871e-02
8.720374107360839844e-02
8.667637407779693604e-02
1.166822016239166260e-01
5.468896776437759399e-02
6.090421229600906372e-02
1.126284524798393250e-01
1.096298024058341980e-01
5.562550202012062073e-02
9.510898590087890625e-02
4.623400047421455383e-02
8.117453008890151978e-02
1.528371423482894897e-01
1.766916364431381226e-01
9.021396189928054810e-02
2.301561273634433746e-02
6.919651478528976440e-02
8.320599794387817383e-02
7.642624527215957642e-02
8.783370256423950195e-02
9.199585020542144775e-02
9.358100593090057373e-02
