7.686173170804977417e-02
1.078278869390487671e-01
1.338173598051071167e-01
6.247617676854133606e-02
6.026445701718330383e-02
6.539653241634368896e-02
9.428540617227554321e-02
6.955839693546295166e-02
4.130383953452110291e-02
9.522613883018493652e-02
6.337347626686096191e-02
1.157039776444435120e-01
4.883867874741554260e-02
4.270559549331665039e-02
5.552175641059875488e-02
5.594829842448234558e-02
1.198010742664337158e-01
9.530867636203765869e-02
1.406470686197280884e-01
2.002324163913726807e-02
1.063573509454727173e-01
8.391866087913513184e-02
9.545596688985824585e-02
4.338030889630317688e-02
1.621841341257095337e-01
2.413014322519302368e-02
1.016961336135864258e-01
7.934968918561935425e-02
1.133464276790618896e-01
6.034478172659873962e-02
4.240917041897773743e-02
1.609771251678466797e-01
7.062306255102157593e-02
1.853354424238204956e-01
5.146614834666252136e-02
9.116894006729125977e-02
2.214623391628265381e-01
1.085123792290687561e-01
7.071366906166076660e-02
1.412038356065750122e-01
9.120134264230728149e-02
4.341093823313713074e-02
5.452956259250640869e-02
1.046823039650917053e-01
7.073424011468887329e-02
1.313979029655456543e-01
1.053099408745765686e-01
1.072463318705558777e-01
1.038978770375251770e-01
8.179210871458053589e-02
8.237104862928390503e-02
9.929851442575454712e-02
7.000005245208740234e-02
4.149375855922698975e-02
7.313807308673858643e-02
1.742620170116424561e-01
9.931647032499313354e-02
1.788852363824844360e-01
7.062975317239761353e-02
5.760746821761131287e-02
7.321035116910934448e-02
9.098806977272033691e-02
8.207932859659194946e-02
9.270039200782775879e-02
9.578219056129455566e-02
9.702388197183609009e-02
4.216273501515388489e-02
4.155217111110687256e-02
7.311158627271652222e-02
1.566738039255142212e-01
1.174133718013763428e-01
6.259375065565109253e-02
9.528896212577819824e-02
9.851138293743133545e-02
4.986599832773208618e-02
8.652454614639282227e-02
1.359063833951950073e-01
5.464214086532592773e-02
7.596258074045181274e-02
8.198016136884689331e-02
7.089129835367202759e-02
8.183991163969039917e-02
3.090233169496059418e-02
1.156604886054992676e-01
1.557670682668685913e-01
1.303932666778564453e-01
1.035360544919967651e-01
4.838457331061363220e-02
7.663688063621520996e-02
7.827626913785934448e-02
6.915211677551269531e-02
9.063243120908737183e-02
8.417600393295288086e-02
9.081115573644638062e-02
6.456165760755538940e-02
4.514891281723976135e-02
1.141367927193641663e-01
3.052129410207271576e-02
3.408281505107879639e-02
2.885837294161319733e-02
9.678397327661514282e-02
7.704178243875503540e-02
5.249837040901184082e-02
2.623015642166137695e-02
1.457832902669906616e-01
8.428630232810974121e-02
1.090315729379653931e-01
3.870147839188575745e-02
7.219739258289337158e-02
1.043910607695579529e-01
1.352457851171493530e-01
1.425575315952301025e-01
1.074403226375579834e-01
7.247938215732574463e-02
5.113022774457931519e-02
1.062151268124580383e-01
1.139707863330841064e-01
1.082462966442108154e-01
1.355499774217605591e-01
8.743817359209060669e-02
7.464665919542312622e-02
1.454756557941436768e-01
1.036482378840446472e-01
6.346784532070159912e-02
8.394975215196609497e-02
1.000386551022529602e-01
1.643017530441284180e-01
8.202437311410903931e-02
8.711705356836318970e-02
1.163415685296058655e-01
8.560137450695037842e-02
1.091355979442596436e-01
1.003663539886474609e-01
7.230131328105926514e-02
5.957463383674621582e-02
2.619619853794574738e-02
1.463758945465087891e-01
5.841618031263351440e-02
1.579138636589050293e-01
7.600249350070953369e-02
3.926359117031097412e-02
9.559467434883117676e-02
1.010419726371765137e-01
1.149885058403015137e-01
8.230695128440856934e-02
9.011489897966384888e-02
8.764379471540451050e-02
7.906698435544967651e-02
6.999544799327850342e-02
8.384055644273757935e-02
8.815588802099227905e-02
4.597915709018707275e-02
8.371754735708236694e-02
1.195919588208198547e-01
6.995197385549545288e-02
5.516479909420013428e-02
1.266691088676452637e-01
1.174364984035491943e-01
4.450769722461700439e-02
9.197013825178146362e-02
1.754262745380401611e-01
2.184434793889522552e-02
2.250877209007740021e-02
1.642635315656661987e-01
4.324580729007720947e-02
1.410277932882308960e-01
1.007205843925476074e-01
1.161171421408653259e-01
6.260623782873153687e-02
4.996380954980850220e-02
6.127880886197090149e-02
-3.604722733143717051e-04
7.258237153291702271e-02
5.240906029939651489e-02
7.534865289926528931e-02
9.871541708707809448e-02
1.335392147302627563e-01
1.384091377258300781e-02
1.156086698174476624e-01
6.332879513502120972e-02
6.300079077482223511e-02
5.220193415880203247e-02
7.366364449262619019e-02
7.471989095211029053e-02
1.256493628025054932e-01
6.772653013467788696e-02
4.918506741523742676e-02
6.855918467044830322e-02
9.958504140377044678e-02
1.805972158908843994e-01
1.449428945779800415e-01
6.390750408172607422e-02
1.030381321907043457e-01
9.093783050775527954e-02
6.633750349283218384e-02
6.398415565490722656e-02
1.567384898662567139e-01
5.817902833223342896e-02
5.248669907450675964e-02
7.606808841228485107e-02
